0
0
0
0
0
0
0
0
0
0
0
0
0
0
0
0
0
100000000
1000000000
1100000000
10000000000
10100000000
11000000000
11100000000
100000000000
100100000000
101000000000
101100000000
110000000000
110100000000
111000000000
111100000000
0
1000000000
10000000000
11000000000
100000000000
101000000000
110000000000
111000000000
1000000000000
1001000000000
1010000000000
1011000000000
1100000000000
1101000000000
1110000000000
1111000000000
0
1100000000
11000000000
100100000000
110000000000
111100000000
1001000000000
1010100000000
1100000000000
1101100000000
1111000000000
10000100000000
10010000000000
10011100000000
10101000000000
10110100000000
0
10000000000
100000000000
110000000000
1000000000000
1010000000000
1100000000000
1110000000000
10000000000000
10010000000000
10100000000000
10110000000000
11000000000000
11010000000000
11100000000000
11110000000000
0
10100000000
101000000000
111100000000
1010000000000
1100100000000
1111000000000
10001100000000
10100000000000
10110100000000
11001000000000
11011100000000
11110000000000
100000100000000
100011000000000
100101100000000
0
11000000000
110000000000
1001000000000
1100000000000
1111000000000
10010000000000
10101000000000
11000000000000
11011000000000
11110000000000
100001000000000
100100000000000
100111000000000
101010000000000
101101000000000
0
11100000000
111000000000
1010100000000
1110000000000
10001100000000
10101000000000
11000100000000
11100000000000
11111100000000
100011000000000
100110100000000
101010000000000
101101100000000
110001000000000
110100100000000
0
100000000000
1000000000000
1100000000000
10000000000000
10100000000000
11000000000000
11100000000000
100000000000000
100100000000000
101000000000000
101100000000000
110000000000000
110100000000000
111000000000000
111100000000000
0
100100000000
1001000000000
1101100000000
10010000000000
10110100000000
11011000000000
11111100000000
100100000000000
101000100000000
101101000000000
110001100000000
110110000000000
111010100000000
111111000000000
1000011100000000
0
101000000000
1010000000000
1111000000000
10100000000000
11001000000000
11110000000000
100011000000000
101000000000000
101101000000000
110010000000000
110111000000000
111100000000000
1000001000000000
1000110000000000
1001011000000000
0
101100000000
1011000000000
10000100000000
10110000000000
11011100000000
100001000000000
100110100000000
101100000000000
110001100000000
110111000000000
111100100000000
1000010000000000
1000111100000000
1001101000000000
1010010100000000
0
110000000000
1100000000000
10010000000000
11000000000000
11110000000000
100100000000000
101010000000000
110000000000000
110110000000000
111100000000000
1000010000000000
1001000000000000
1001110000000000
1010100000000000
1011010000000000
0
110100000000
1101000000000
10011100000000
11010000000000
100000100000000
100111000000000
101101100000000
110100000000000
111010100000000
1000001000000000
1000111100000000
1001110000000000
1010100100000000
1011011000000000
1100001100000000
0
111000000000
1110000000000
10101000000000
11100000000000
100011000000000
101010000000000
110001000000000
111000000000000
111111000000000
1000110000000000
1001101000000000
1010100000000000
1011011000000000
1100010000000000
1101001000000000
0
111100000000
1111000000000
10110100000000
11110000000000
100101100000000
101101000000000
110100100000000
111100000000000
1000011100000000
1001011000000000
1010010100000000
1011010000000000
1100001100000000
1101001000000000
1110000100000000
