0
0
0
0
0
0
0
0
0
0
0
0
0
0
0
0
0
10000
100000
110000
1000000
1010000
1100000
1110000
10000000
10010000
10100000
10110000
11000000
11010000
11100000
11110000
0
100000
1000000
1100000
10000000
10100000
11000000
11100000
100000000
100100000
101000000
101100000
110000000
110100000
111000000
111100000
0
110000
1100000
10010000
11000000
11110000
100100000
101010000
110000000
110110000
111100000
1000010000
1001000000
1001110000
1010100000
1011010000
0
1000000
10000000
11000000
100000000
101000000
110000000
111000000
1000000000
1001000000
1010000000
1011000000
1100000000
1101000000
1110000000
1111000000
0
1010000
10100000
11110000
101000000
110010000
111100000
1000110000
1010000000
1011010000
1100100000
1101110000
1111000000
10000010000
10001100000
10010110000
0
1100000
11000000
100100000
110000000
111100000
1001000000
1010100000
1100000000
1101100000
1111000000
10000100000
10010000000
10011100000
10101000000
10110100000
0
1110000
11100000
101010000
111000000
1000110000
1010100000
1100010000
1110000000
1111110000
10001100000
10011010000
10101000000
10110110000
11000100000
11010010000
0
10000000
100000000
110000000
1000000000
1010000000
1100000000
1110000000
10000000000
10010000000
10100000000
10110000000
11000000000
11010000000
11100000000
11110000000
0
10010000
100100000
110110000
1001000000
1011010000
1101100000
1111110000
10010000000
10100010000
10110100000
11000110000
11011000000
11101010000
11111100000
100001110000
0
10100000
101000000
111100000
1010000000
1100100000
1111000000
10001100000
10100000000
10110100000
11001000000
11011100000
11110000000
100000100000
100011000000
100101100000
0
10110000
101100000
1000010000
1011000000
1101110000
10000100000
10011010000
10110000000
11000110000
11011100000
11110010000
100001000000
100011110000
100110100000
101001010000
0
11000000
110000000
1001000000
1100000000
1111000000
10010000000
10101000000
11000000000
11011000000
11110000000
100001000000
100100000000
100111000000
101010000000
101101000000
0
11010000
110100000
1001110000
1101000000
10000010000
10011100000
10110110000
11010000000
11101010000
100000100000
100011110000
100111000000
101010010000
101101100000
110000110000
0
11100000
111000000
1010100000
1110000000
10001100000
10101000000
11000100000
11100000000
11111100000
100011000000
100110100000
101010000000
101101100000
110001000000
110100100000
0
11110000
111100000
1011010000
1111000000
10010110000
10110100000
11010010000
11110000000
100001110000
100101100000
101001010000
101101000000
110000110000
110100100000
111000010000
